Accuracy: 0.9274
F1: 0.87008
Jaccard: 0.78698
Recall: 0.91499
Precision: 0.85947
Thresholded Jaccard: 0.7172